25;999005;52;奈落・蛇龙之巢;0;0;0;0;0;0;0;0;0;0
25;999002;382;奈落・珊瑚之歌;0;0;0;0;0;0;0;0;0;0
25;999003;374;奈落・冰淇淋庭院;0;0;0;0;0;0;0;0;0;0
25;999004;334;奈落・破坏之城;0;0;0;0;0;0;0;0;0;0
25;999001;384;奈落・冰封雪域;0;0;0;0;0;0;0;0;0;0
25;999006;432;奈落・魔法学院主楼;0;0;0;0;0;0;0;0;0;0
25;999007;418;奈落・神树拉菲尔;0;0;0;0;0;0;0;0;0;0
3;15;96;怪物大厦;0;0;0;0;0;0;0;0;0;0
2;4;52;蛇龙之巢;0;0;1;0;0;0;0;0;0;50000
2;6;61;香格里拉;0;0;2;0;0;0;0;0;0;60000
2;8;63;十六的月;0;0;3;0;0;0;0;0;0;50000
2;9;64;金字塔;0;0;4;0;0;0;0;0;0;80000
2;11;45;幽灵船长船室;0;0;5;0;0;0;0;0;0;80000
2;7;62;哥特房屋;0;0;6;0;0;0;0;0;0;60000
2;12;83;领主房间;0;0;7;0;0;0;0;0;0;80000
2;5;60;极地迷宫;0;0;8;0;0;0;0;0;0;200000
2;10;65;早已冷却的心脏;0;0;9;0;0;0;0;0;0;100000
2;13;82;齐麦罗研究所;0;0;10;0;0;0;0;0;0;300000
2;40;138;空中楼阁;0;0;11;0;0;0;0;0;0;150000
2;38;132;精灵城;0;0;12;0;0;0;0;0;0;150000
2;39;135;黑暗塔城;0;0;13;0;0;0;0;0;0;150000
24;90063;960;混乱世界;0;0;0;0;0;0;0;0;0;0
24;90064;961;深层混乱世界;0;0;0;0;0;0;0;0;0;0
2;14;88;瓦尔哈拉;0;0;14;0;0;0;0;0;0;500000
3;801;705;通天塔;0;0;0;0;0;0;0;0;0;0
2;63;144;地狱之门;0;0;15;0;0;0;0;0;0;150000
2;41;139;不知名的世界;0;0;16;0;0;0;0;0;0;150000
2;602;702;宝库洞穴;0;0;0;0;0;0;0;0;0;0
2;124;209;星之峭壁;0;0;0;0;0;0;0;0;0;0
2;125;211;星之摇篮;0;0;17;0;0;0;0;0;0;700000
2;436;974;火山超能场;0;0;18;0;0;0;0;0;0;100000000
2;275;361;藏宝洞穴;0;0;0;0;0;0;0;0;0;0
2;437;304;珊瑚森林;0;0;19;0;0;0;0;0;0;100000000
2;744;199;遗忘花园;0;0;20;0;0;0;0;0;0;3500000
2;118;201;秘密藏书库;0;0;21;0;0;0;0;0;0;5000000
2;34;113;蛤蟆森林;0;0;0;0;0;0;0;0;0;0
2;601;700;水晶洞穴;0;0;0;0;0;0;0;0;0;0
2;143;229;封印之塔地下;0;0;0;0;0;0;0;0;0;0
2;35;114;蛤蟆山岳;0;0;0;0;0;0;0;0;0;0
2;36;115;蛤蟆洞穴;0;0;0;0;0;0;0;0;0;0
2;98502;54;肚子密室;0;0;0;0;0;0;0;0;0;0
2;37;116;蛤蟆谷;0;0;0;0;0;0;0;0;0;0
2;152;255;餐厅大乱斗;0;0;0;0;0;0;0;0;0;0
2;98501;293;白色平原;0;0;22;0;0;0;0;0;0;200000000
2;32601;326;迷之仓库;0;0;23;0;0;0;0;0;0;20000000
2;745;931;天空之城;0;0;24;0;0;0;0;0;0;15000000
2;747;936;空中战场;0;0;0;0;0;0;0;0;0;0
2;123;206;虎狼寺;0;0;0;0;0;0;0;0;0;0
3;186;585;吉恩蒂亚仓库;0;0;0;0;0;0;0;0;0;0
24;90061;955;无尽繁星大厅;0;0;0;0;0;0;0;0;0;0
2;98530;330;梦幻图书馆;0;0;25;0;0;0;0;0;0;30000000
2;82800;828;海嘉尔大桥;0;0;26;0;0;0;0;0;0;30000000
2;144;231;燃烧丛林;0;0;27;0;0;0;0;0;0;80000000
2;94901;830;幻想梦境;0;0;0;0;0;0;0;0;0;0
2;772;669;秘密实验室;0;0;28;0;0;0;0;0;0;60000000
2;157;271;花之路;0;0;33;0;0;0;0;0;0;60000000
2;158;272;月之路;0;0;34;0;0;0;0;0;0;75000000
2;159;273;梦之路;0;0;35;0;0;0;0;0;0;100000000
2;95800;833;记忆深谷;0;0;29;0;0;0;0;0;0;60000000
2;19865;865;流体实验室;0;0;30;0;0;0;0;0;0;75000000
2;19867;867;腐化之眼;0;0;31;0;0;0;0;0;0;75000000
2;96106;843;路德维希大峡谷;0;0;32;0;0;0;0;0;0;60000000
2;155;283;世界之树;0;0;36;0;0;0;0;0;0;200000000
2;435;693;神秘的迷宫教室入口;0;0;37;0;0;0;0;0;0;200000000
2;191;310;索拉城斗兽场;0;0;38;0;0;0;0;0;0;200000000
2;96107;586;影子之书;0;0;39;0;0;0;0;0;0;100000000
2;284;374;冰激凌庭院;0;0;0;0;0;0;0;0;0;0
2;90069;966;镜中世界，BOSS大集合;0;0;0;0;0;0;0;0;0;0
2;200;323;月华苑;0;0;40;0;0;0;0;0;0;120000000
2;201;324;龙皇殿;0;0;41;0;0;0;0;0;0;150000000
2;255;332;隐藏的洞穴;0;0;42;0;0;0;0;0;0;150000000
2;256;334;破坏之城;0;0;43;0;0;0;0;0;0;200000000
2;259;340;魔石实验室;0;0;44;0;0;0;0;0;0;200000000
2;277;905;宇宙开拓者：星际银河;8630026;8630027;51;8710003;12;8719900;9;8710000;3;100000000
2;278;904;地城追猎者：蚁穴迷踪;8630026;8630027;52;8710003;12;8719900;9;8710000;3;100000000
2;19866;902;无尽迷失者：精神交错;8630026;8630027;53;8710003;12;8719900;9;8710000;3;100000000
2;19868;901;神庙探索者：腐化核心;8630026;8630027;54;8710003;12;8719900;9;8710000;3;100000000
2;8830;883;卡夫卡剧场;69570030;69570031;0;0;0;0;0;0;0;0
2;8850;885;八卦阵赛场;8630036;8630037;0;0;0;0;0;0;0;0
3;8860;886;武林大会;8630036;8630037;0;0;0;0;0;0;0;0
2;8880;888;傀儡牢狱;8630036;8630037;0;0;0;0;0;0;0;0
2;374;1016;未知森林;8630076;8630077;0;0;0;0;0;0;0;0
2;5180;518;流水回廊;69570030;69570031;0;0;0;0;0;0;0;0
3;90065;965;时空之泉;8630088;8630089;0;0;0;0;0;0;0;0
3;90068;964;穿梭之都;8630088;8630089;0;0;0;0;0;0;0;0
2;90077;970;群星宫殿;8630094;8630095;0;0;0;0;0;0;0;0
2;265;345;神秘殿堂;8630018;8630019;45;8710001;2;8719900;2;8710000;2;120000000
2;266;343;恶魔峡谷;8630018;8630019;46;8710001;2;8719900;2;8710000;2;120000000
2;268;349;神圣教堂;8630018;8630019;47;8710001;4;8719900;3;8710000;3;150000000
2;285;372;春植岛纪念馆;0;0;0;0;0;0;0;0;0;0
2;303;389;阿玛伦宝库;8630030;8630031;60;8710007;6;8719900;3;8710000;1;1000000000
2;272;351;矮人飞艇;0;0;48;8710002;10;8719900;5;8710000;1;640000000
2;273;356;太阳宫殿;8630020;8630021;49;8710002;6;8719900;6;8710000;2;600000000
2;274;357;太阳神地下祭坛;8630020;8630021;50;8710002;8;8719900;6;8710000;3;450000000
2;283;369;宝石丛林;8630022;8630023;55;8710004;6;8719900;9;8710000;3;1000000000
2;289;379;浮游岛;8630024;8630025;56;8710005;6;8719900;6;8710000;2;1000000000
2;290;377;幻影毒雾沼泽;8630024;8630025;57;8710005;12;8719900;9;8710000;3;1000000000
2;297;387;混沌峡谷;8630028;8630029;58;8710006;12;8719900;6;8710000;1;1500000000
2;298;384;冰封雪域;8630028;8630029;59;8710006;8;8719900;6;8710000;3;1200000000
2;69600;696;燥热键盘;69570030;69570031;63;8710009;6;8719900;6;8710000;2;500000000
2;69900;699;水下培养皿;69570030;69570031;64;8710009;6;8719900;9;8710000;3;750000000
2;305;406;超能者纪念馆;8630032;8630033;61;8710008;6;8719900;6;8710000;2;500000000
2;306;408;奈落之屋;8630032;8630033;62;8710008;8;8719900;6;8710000;3;600000000
2;325;416;龙之峡谷;8630034;8630035;65;8710010;6;8719900;6;8710000;2;750000000
2;324;418;神树拉菲尔;8630034;8630035;66;8710010;8;8719900;6;8710000;3;900000000
2;87100;871;神笔画卷;8630036;8630037;67;8710011;4;8719900;6;8710000;3;750000000
2;338;441;魔力防空洞;8630060;8630061;68;8710012;6;8719900;6;8710000;2;800000000
2;337;443;梦境奥涅伊鲁;8630060;8630061;69;8710012;8;8719900;6;8710000;3;960000000
2;8760;876;山海归墟;8630036;8630037;70;8710011;4;8719900;6;8710000;3;900000000
2;345;456;虚无之星;8630062;8630063;71;8710013;6;8719900;6;8710000;2;900000000
2;346;457;忘却湖畔;8630062;8630063;72;8710013;8;8719900;6;8710000;3;1080000000
2;348;460;幻之摇篮;8630064;8630065;73;8710014;6;8719900;6;8710000;2;600000000
2;349;461;玫瑰庭院;8630064;8630065;74;8710014;8;8719900;6;8710000;3;800000000
2;350;472;希列;8630066;8630067;78;8710016;8;8719900;6;8710000;3;1200000000
2;351;470;盟约圣地;8630066;8630067;79;8710017;6;8719900;9;8710000;3;1500000000
2;360;492;冰狱;8630068;8630069;80;8710018;6;8719900;6;8710000;2;1500000000
2;361;491;回声泉;8630068;8630069;81;8710018;12;8719900;9;8710000;3;1500000000
2;366;499;阿科洛之棺;8630070;8630071;82;8710019;6;8719900;6;8710000;2;1150000000
2;8920;892;圣字教堂;8630072;8630073;83;8710019;8;8719900;6;8710000;3;1500000000
2;8930;893;哈姆克公爵府;8630072;8630073;84;8710020;6;8719900;9;8710000;3;1250000000
2;369;1009;巴尼塔斯;8630074;8630075;85;8710021;6;8719900;6;8710000;2;1500000000
2;370;1008;炼狱阿兹雷尔;8630074;8630075;86;8710021;8;8719900;6;8710000;3;900000000
2;373;1014;卡伊洛斯的时间;8630076;8630077;87;0;0;0;0;0;0;50000
2;8960;896;霍普占卜室;8630078;8630079;88;0;0;0;0;0;0;60000
2;8970;897;普洛菲司台;8630078;8630079;89;0;0;0;0;0;0;50000
2;375;1018;深渊之镜;8630080;8630081;0;0;0;0;0;0;0;0
2;376;1017;艾乌加蒙剧场;8630080;8630081;0;0;0;0;0;0;0;0
2;383;1031;生命之恩泰莱凯;8630082;8630083;0;0;0;0;0;0;0;0
2;384;1032;精灵树桩;8630082;8630083;0;0;0;0;0;0;0;0
2;385;1036;消失的星之歌;8630084;8630085;0;0;0;0;0;0;0;0
2;386;1037;黄昏教堂;8630084;8630085;0;0;0;0;0;0;0;0
2;393;1050;黑月的考验;8630086;8630087;0;0;0;0;0;0;0;0
2;394;1046;大地的考验;8630086;8630087;0;0;0;0;0;0;0;0
2;402;1062;埃吉尔遗迹;8630090;8630091;0;0;0;0;0;0;0;0
2;403;1061;阿特拉斯庭院;8630090;8630091;0;0;0;0;0;0;0;0
2;90074;967;水下培养皿・失魂寺;8630092;8630093;0;0;0;0;0;0;0;0
2;417;1080;尼夫海姆站;8630096;8630097;0;0;0;0;0;0;0;0
2;418;1079;穆斯菲尔斯隧道;8630096;8630097;0;0;0;0;0;0;0;0
2;90085;546;薇娅斯梦境;8630098;8630099;0;0;0;0;0;0;0;0
2;424;1084;摩克沙;8630100;8630101;0;0;0;0;0;0;0;0
2;425;1085;诺尼尔之泪;8630100;8630101;0;0;0;0;0;0;0;0
2;427;1090;蘑菇树沼泽;8630102;8630103;0;0;0;0;0;0;0;0
2;428;1091;丽西泰亚之门;8630102;8630103;0;0;0;0;0;0;0;0
2;434;1100;残缺边界;8630104;8630105;0;0;0;0;0;0;0;0
2;4350;1101;普累罗麻;8630104;8630105;0;0;0;0;0;0;0;0
24;276;362;夕阳森林;0;0;0;0;0;0;0;0;0;0
24;156;285;地铁中枢;0;0;0;0;0;0;0;0;0;0
24;258;341;里维拉市政府;0;0;0;0;0;0;0;0;0;0
24;328;431;魔法修炼馆;0;0;0;0;0;0;0;0;0;0
24;257;337;欧若拉庭院;0;0;0;0;0;0;0;0;0;0
24;302;390;拉之城墙;0;0;0;0;0;0;0;0;0;0
24;269;350;巧克力花园;0;0;0;0;0;0;0;0;0;0
24;282;371;瀑布丛林;0;0;0;0;0;0;0;0;0;0
24;69700;697;阿尔福那酒店;0;0;0;0;0;0;0;0;0;0
24;271;352;扭曲的世界树;0;0;0;0;0;0;0;0;0;0
24;310;414;怪物树山山谷;0;0;0;0;0;0;0;0;0;0
24;329;432;魔法学院主楼;0;0;0;0;0;0;0;0;0;0
24;352;469;龙猫妹妹庭院;0;0;0;0;0;0;0;0;0;0
24;365;494;心脏的记忆;0;0;0;0;0;0;0;0;0;0
24;372;1015;克洛诺斯的时间;0;0;0;0;0;0;0;0;0;0
24;90056;898;泡泡战舰;0;0;0;0;0;0;0;0;0;0
24;294;382;珊瑚之歌;0;0;0;0;0;0;0;0;0;0
24;66101;661;魔发城堡;0;0;0;0;0;0;0;0;0;0
3;8620000;1133;证明之塔;0;0;0;0;0;0;0;0;0;0
