[{
		"name":	"5经验石",
		"data":	{
			"item":	["经验值 觉醒石+12", "经验值 觉醒石+12", "经验值 觉醒石+12", "经验值 觉醒石+12", "经验值 觉醒石+12"],
			"tree":	[2, 3, 6, 7, 23, 22, 21, 20, 19, 24, 52, 53, 55, 56, 79, 77, 35, 34, 33, 32, 31, 30, 86, 85, 84, 90, 89, 37, 38, 39, 40, 41, 42, 43, 44, 45, 46, 47, 48, 111, 113, 114, 115, 116, 117, 118, 119, 120, 121, 122, 123, 124, 125, 129, 130, 133, 134, 145, 146, 150, 151, 154, 164, 163, 162, 161, 158, 157, 156, 155, 160, 159, 174, 175, 176, 183, 198, 197, 196, 211, 207, 202, 203, 204, 205, 215, 219, 220, 221, 222, 223, 229, 230, 233, 232, 248, 243, 244, 245, 246, 247, 249, 252, 251, 253, 257, 262, 264, 265, 266, 268, 272, 273, 274, 275, 276, 277, 278, 279, 280]
		}
	}, {
		"name":	"5爆伤石",
		"data":	{
			"item":	["暴击伤害 觉醒石+12", "暴击伤害 觉醒石+12", "暴击伤害 觉醒石+12", "暴击伤害 觉醒石+12", "贯穿力 觉醒石+12"],
			"tree":	[2, 3, 6, 7, 23, 22, 21, 20, 19, 24, 52, 53, 55, 56, 79, 77, 35, 34, 33, 32, 31, 30, 86, 85, 84, 90, 89, 37, 38, 39, 40, 41, 42, 43, 44, 45, 46, 47, 48, 111, 113, 114, 115, 116, 117, 118, 119, 120, 121, 122, 123, 124, 125, 129, 130, 133, 134, 145, 146, 150, 151, 154, 164, 163, 162, 161, 158, 157, 156, 155, 160, 159, 174, 175, 176, 183, 198, 197, 196, 211, 207, 202, 203, 204, 205, 215, 219, 220, 221, 222, 223, 229, 230, 233, 232, 248, 243, 244, 245, 246, 247, 249, 252, 251, 253, 257, 262, 264, 265, 266, 268, 272, 273, 274, 275, 276, 277, 278, 279, 280, 281]
		}
	}, {
		"name":	"5觉醒",
		"data":	{
			"item":	["暴击伤害 觉醒石+12", "暴击伤害 觉醒石+12", "暴击伤害 觉醒石+12", "暴击伤害 觉醒石+12", "贯穿力 觉醒石+12"],
			"tree":	[2, 3, 6, 7, 23, 22, 21, 20, 19, 24, 52, 53, 55, 56, 79, 77, 35, 34, 33, 32, 31, 30, 86, 85, 84, 90, 89, 37, 38, 39, 40, 41, 42, 43, 44, 45, 46, 47, 48, 111, 113, 114, 115, 116, 117, 118, 119, 120, 121, 122, 123, 124, 125, 129, 130, 133, 134, 145, 146, 150, 151, 154, 164, 163, 162, 161, 158, 157, 156, 155, 160, 159, 174, 175, 176, 183, 198, 197, 196, 211, 207, 202, 203, 204, 205, 215, 219, 220, 221, 222, 223, 229, 230, 233, 232, 248, 243, 244, 245, 246, 247, 249, 252, 251, 253, 257, 262, 264, 265, 266, 268, 272, 273, 274, 275, 276, 277, 278, 279, 280, 281]
		}
	}, {
		"name":	"5掉落",
		"data":	{
			"item":	["暴击伤害 觉醒石+10", "贯穿力 觉醒石+10", "经验值 觉醒石+10", "经验值 觉醒石+10", "经验值 觉醒石+10"],
			"tree":	[14, 16, 18, 283, 19, 20, 52, 79, 77, 35, 34, 33, 32, 31, 30, 29, 28, 27, 26, 25, 24, 53, 55, 56, 86, 85, 84, 87, 90, 89, 37, 38, 39, 40, 41, 42, 43, 44, 45, 46, 47, 48, 111, 113, 114, 115, 116, 117, 118, 119, 120, 121, 122, 123, 124, 125, 129, 130, 133, 134, 145, 146, 150, 151, 154, 164, 163, 162, 161, 158, 157, 156, 155, 160, 159, 166, 167, 168, 183, 184, 185, 187, 202, 203, 204, 206, 229, 230, 233, 234, 235, 237, 238, 248, 243, 244, 246, 247, 249, 252, 253, 257, 262, 264, 265, 266, 276, 272, 273, 274, 275, 277, 278, 279]
		}
	}]