[{
		"name":	"5经验石",
		"data":	{
			"item":	["经验值 觉醒石+12", "经验值 觉醒石+12", "经验值 觉醒石+12", "经验值 觉醒石+12", "经验值 觉醒石+12"],
			"tree":	[2, 3, 6, 7, 23, 57, 58, 59, 29, 28, 27, 30, 56, 165, 174, 175, 176, 211, 207, 202, 168, 167, 203, 204, 205, 212, 213, 214, 228, 224, 219, 215, 117, 118, 124, 132, 133, 130, 129, 125, 34, 35, 134, 216, 218, 220, 221, 222, 223, 229, 230, 233, 232, 234, 235, 237, 238, 239, 138, 137, 139, 140, 135, 36, 82, 81, 80, 83, 84, 141, 144, 143, 243, 244, 246, 247, 248, 154, 151, 150, 146, 38, 37, 145, 149, 153, 159, 161, 162, 249, 252, 251, 253, 257, 258, 259, 260, 261, 262, 263, 264, 267, 266, 270, 269, 268, 196, 197, 198, 42, 43, 44, 45, 114, 183, 271, 272, 273, 274, 275, 276, 277, 278, 279, 280, 281]
		}
	}, {
		"name":	"5爆伤石",
		"data":	{
			"item":	["暴击伤害 觉醒石+12", "暴击伤害 觉醒石+12", "暴击伤害 觉醒石+12", "暴击伤害 觉醒石+12", "贯穿力 觉醒石+12"],
			"tree":	[2, 3, 6, 7, 23, 57, 58, 59, 29, 28, 27, 30, 56, 165, 174, 175, 176, 211, 207, 202, 168, 167, 203, 204, 205, 212, 213, 214, 228, 224, 219, 215, 117, 118, 124, 132, 133, 130, 129, 125, 34, 35, 134, 216, 218, 220, 221, 222, 223, 229, 230, 233, 232, 234, 235, 237, 238, 239, 138, 137, 139, 140, 135, 36, 82, 81, 80, 83, 84, 141, 144, 143, 243, 244, 246, 247, 248, 154, 151, 150, 146, 38, 37, 145, 149, 153, 159, 161, 162, 249, 252, 251, 253, 257, 258, 259, 260, 261, 262, 263, 264, 267, 266, 270, 269, 268, 196, 197, 198, 42, 43, 44, 45, 114, 183, 271, 272, 273, 274, 275, 276, 277, 278, 279, 280, 281]
		}
	}]